627,41
627,40
627,39
627,38
627,37
627,36
627,35
10,195
10,9
10,72
10,3
11,11
11,6
11,26
11,20
11,27
11,7
11,28
11,3
9,7
9,1
9,5
9,2
9,3
8,12
8,5
8,18
8,15
8,14
8,2
8,3
12,2
12,1
12,3
480,3
480,2
480,1
480,0
479,3
479,2
479,1
479,0
478,3
478,2
478,1
478,0
477,3
477,2
477,1
477,0
476,3
476,2
476,1
476,0
475,3
475,2
475,1
475,0
474,3
474,2
474,1
474,0
473,3
473,2
473,1
473,0
472,7
472,6
472,5
472,4
472,3
472,2
472,1
472,0
471,3
471,2
471,1
471,0
470,3
470,2
470,1
470,0
469,3
469,2
469,1
469,0
468,3
468,2
468,1
468,0
467,3
467,2
467,1
467,0
466,3
466,2
466,1
466,0
465,3
465,2
465,1
465,0
464,3
464,2
464,1
464,0
463,3
463,2
463,1
463,0
462,3
462,2
462,1
462,0
461,3
461,2
461,1
461,0
460,5
460,4
460,3
460,2
460,1
460,0
459,3
459,2
459,1
459,0
458,3
458,2
458,1
458,0
457,3
457,2
457,1
457,0
456,1
456,3
14,1
20,3
14,11
20,2
20,1
19,3
19,2
19,1
18,3
18,1
14,3
13,5
13,3
13,1
11,25
11,24
11,18
